C -0.023800 -0.039000 -0.000100
C 1.387200 -0.039000 -0.000100
C -0.848300 1.092600 -0.000100
C 2.162800 1.148700 0.000000
C -0.072600 2.280300 -0.000100
C 1.338400 2.280300 0.000100
C 0.754900 -2.078100 -0.000300
C 0.559600 4.319400 -0.000200
*~0 0.624500 -3.341200 -0.278900
*~1 0.674800 5.581300 0.290300
~0 3.461800 1.096800 0.000000
~1 -2.147300 1.144500 -0.000200
H -0.998100 -1.574000 0.873400
H -1.000800 -1.566800 -0.873800
H -1.093100 3.822200 -0.873800
H -1.103600 3.794700 0.873300
XX -0.421000 -1.353500 -0.000200
XX -0.520700 3.589500 -0.000200
YY 1.735600 3.594800 0.000100
YY 1.835300 -1.348200 -0.000200

1 2 Ar
1 3 Ar
1 17 1
2 4 Ar
2 20 1
3 5 Ar
3 12 1
4 6 Ar
4 11 1
5 6 Ar
5 18 1
6 19 1
7 9 1
7 17 1
7 20 2
8 10 1
8 18 1
8 19 2
13 17 1
14 17 1
15 18 1
16 18 1
