C -0.023800 -0.039000 -0.000100
C 1.387200 -0.039000 -0.000100
C -0.848300 1.092600 -0.000100
C 2.162800 1.148700 0.000000
C -0.072600 2.280300 -0.000100
C 1.338400 2.280300 0.000100
C 0.754900 -2.078100 -0.000300
C 0.559600 4.319400 -0.000200
*~0 0.646300 -3.373600 -0.000400
*~1 0.694100 5.612400 -0.000300
~0 3.461800 1.096800 0.000200
~1 -2.147300 1.144500 -0.000100
H -0.998100 -1.574000 0.873400
H -1.000800 -1.566800 -0.873800
H -1.093100 3.822200 -0.873800
H -1.103600 3.794700 0.873300
H 2.849800 -1.688300 -0.000200
H 2.736000 3.974300 0.000300
XX -0.421000 -1.353500 -0.000200
XX -0.520700 3.589500 -0.000200
YY 1.835300 -1.348200 -0.000200
YY 1.735600 3.594800 0.000100

1 2 Ar
1 3 Ar
1 19 1
2 4 Ar
2 21 1
3 5 Ar
3 12 1
4 6 Ar
4 11 1
5 6 Ar
5 20 1
6 22 1
7 9 1
7 19 1
7 21 2
8 10 1
8 20 1
8 22 2
13 19 1
14 19 1
15 20 1
16 20 1
17 21 1
18 22 1
