C -0.023800 -0.039000 -0.000100
C 1.387200 -0.039000 -0.000100
C -0.848300 1.092600 -0.000100
C 2.162800 1.148700 0.000000
C -0.072600 2.280300 -0.000100
C 1.338400 2.280300 0.000100
C 0.754900 -2.078100 -0.000300
C 0.559600 4.319400 -0.000200
*~0 -2.147200 1.144500 -0.000200
*~1 3.461800 1.096800 0.000000
~0 0.630800 -3.372100 -0.000400
~1 0.683700 5.613400 -0.000300
C -0.520700 3.589500 -0.000200
H -0.903600 4.322200 -0.679600
H -1.293100 3.294800 0.679000
C -0.421000 -1.353500 -0.000200
H -1.105600 -1.287200 -0.819900
H -0.893300 -1.853500 0.819400
C 1.835300 -1.348200 -0.000200
H 2.856300 -1.668100 -0.000200
C 1.735600 3.594800 0.000100
H 2.713600 4.028600 0.000300

1 2 Ar
1 3 Ar
1 16 1
2 4 Ar
2 19 1
3 5 Ar
3 9 1
4 6 Ar
4 10 1
5 6 Ar
5 13 1
6 21 1
7 11 1
7 16 1
7 19 2
8 12 1
8 13 1
8 21 2
13 14 1
13 15 1
16 17 1
16 18 1
19 20 1
21 22 1
