C -0.183300 0.255600 -0.000200
C 1.227700 0.255600 -0.000200
C -1.007800 1.387200 -0.000200
C 2.003300 1.443300 -0.000100
C -0.232100 2.574900 -0.000200
C 1.178900 2.574900 0.000000
C 0.595400 -1.783500 -0.000400
*~1 0.487300 -3.079000 -0.000500
~0 -2.306800 1.439100 -0.000200
~1 3.302300 1.391400 -0.000100
H 2.690300 -1.393700 -0.000300
H -1.547400 -1.289100 0.109600
XX -0.580500 -1.058900 -0.000300
YY 1.675800 -1.053600 -0.000300
H 1.664100 3.528600 0.000300
*~0 -0.850800 3.718200 -0.000400

1 2 Ar
1 3 Ar
1 13 1
2 4 Ar
2 14 1
3 5 Ar
3 9 1
4 6 Ar
4 10 1
5 6 Ar
5 16 1
6 15 1
7 8 1
7 13 1
7 14 2
11 14 1
12 13 1
