C -0.023800 -0.039000 -0.000100
C 1.387200 -0.039000 -0.000100
C -0.848300 1.092600 -0.000100
C 2.162800 1.148700 0.000000
C -0.072600 2.280300 -0.000100
C 1.338400 2.280300 0.000100
C 0.754900 -2.078100 -0.000300
C 0.559600 4.319400 -0.000200
*~0 0.683700 5.613500 -0.000300
*~1 0.630800 -3.372200 -0.000400
~0 -2.147300 1.144500 -0.000200
~1 3.461800 1.096800 0.000000
H 2.783400 -1.666000 -0.000200
H -1.468900 3.907300 -0.000300
XX 1.735600 3.594800 0.000100
XX -0.421000 -1.353500 -0.000200
YY -0.520700 3.589500 -0.000200
YY 1.835300 -1.348200 -0.000200

1 2 Ar
1 3 Ar
1 16 1
2 4 Ar
2 18 1
3 5 Ar
3 11 1
4 6 Ar
4 12 1
5 6 Ar
5 17 1
6 15 1
7 10 1
7 16 1
7 18 2
8 9 1
8 15 1
8 17 2
13 18 1
14 17 1
