C -0.023800 -0.039000 -0.000100
C 1.387200 -0.039000 -0.000100
C -0.848300 1.092600 -0.000100
C 2.162800 1.148700 0.000000
C -0.072600 2.280300 -0.000100
C 1.338400 2.280300 0.000100
C 0.754900 -2.078100 -0.000300
C 0.559600 4.319400 -0.000200
*~0 -2.147200 1.144500 -0.000200
*~1 3.461800 1.096800 0.000000
~0 0.630800 -3.372100 -0.000400
~1 0.683700 5.613400 -0.000300
C -0.520700 3.589500 -0.000200
H -1.541800 3.909300 -0.000300
C 1.835300 -1.348200 -0.000200
H 2.856300 -1.668100 -0.000200
C -0.421000 -1.353500 -0.000200
H -1.105600 -1.287200 -0.819900
H -0.893300 -1.853500 0.819400
C 1.735600 3.594800 0.000100
H 2.576700 3.110700 0.450700
H 2.051300 4.512600 -0.450300

1 2 Ar
1 3 Ar
1 17 1
2 4 Ar
2 15 1
3 5 Ar
3 9 1
4 6 Ar
4 10 1
5 6 Ar
5 13 1
6 20 1
7 11 1
7 15 2
7 17 1
8 12 1
8 13 2
8 20 1
13 14 1
15 16 1
17 18 1
17 19 1
20 21 1
20 22 1
