C -0.023800 -0.039000 -0.000100
C 1.387200 -0.039000 -0.000100
C -0.848300 1.092600 -0.000100
C 2.162800 1.148700 0.000000
C -0.072600 2.280300 -0.000100
C 1.338400 2.280300 0.000100
O -0.421000 -1.353500 -0.000200
N 1.835300 -1.348200 -0.000200
C 0.754900 -2.078100 -0.000300
O 1.735600 3.594800 0.000100
N -0.520700 3.589500 -0.000200
C 0.559600 4.319400 -0.000200
*~0 -2.147200 1.144500 -0.000200
*~1 3.461800 1.096800 0.000000
~0 0.630800 -3.372100 -0.000400
~1 0.683700 5.613400 -0.000300

1 2 Ar
1 3 Ar
1 7 1
2 4 Ar
2 8 1
3 5 Ar
3 13 1
4 6 Ar
4 14 1
5 6 Ar
5 11 1
6 10 1
7 9 1
8 9 2
9 15 1
10 12 1
11 12 2
12 16 1
