C -0.013200 -0.004000 -0.000100
C 1.397800 -0.004000 -0.000100
C -0.837700 1.127600 -0.000100
C 2.173400 1.183700 0.000000
C -0.062000 2.315300 -0.000100
C 1.349000 2.315300 0.000100
C 0.765500 -2.043100 -0.000300
*~1 0.657400 -3.338600 -0.000400
~0 -2.136700 1.179500 -0.000100
~1 3.472400 1.131800 0.000000
H 2.860400 -1.653300 -0.000200
XX -0.410400 -1.318500 -0.000200
YY 1.845900 -1.313200 -0.000200
*~0 1.725000 3.559800 0.000100
H -0.571300 3.256300 -0.000300

1 2 Ar
1 3 Ar
1 12 1
2 4 Ar
2 13 1
3 5 Ar
3 9 1
4 6 Ar
4 10 1
5 6 Ar
5 15 1
6 14 1
7 8 1
7 12 1
7 13 2
11 13 1
